bpm=80
1	 0.600	 0	 0	 0	 0	 0	 0
1	 0.600	 0	 0	 0	 0	 0	 0
1	 0.600	 0	 0	 0	 0	 0	 0
2	 0.600	 0	 0	 0	 0	 0	 0
2	 0.600	 0	 0	 0	 0	 0	 0
2	 0.600	 0	 0	 0	 0	 0	 0
2	 0.600	 0	 0	 0	 0	 0	 0
3	 0.600	 0	 0	 0	 0	 0	 0
3	 0.600	 0	 0	 0	 0	 0	 0
3	 0.600	 0	 0	 0	 0	 0	 0
3	 0.600	 0	 0	 0	 0	 0	 1
4	 0.600	 5	 0	 2	 0	 0	 1
4	 0.600	 5	 0	 2	 0	 0	 1
4	 0.600	 5	 0	 2	 0	 0	 1
4	 0.600	 1	 0	 2	 0	 0	 1
4	 0.150	 0	 1	 0	 2	 0	 1
4	 0.150	 4	 0	 2	 0	 0	 1
5	 0.300	 8	 0	 2	 0	 1	 1
5	 0.300	 5	 0	 2	 0	 0	 1
5	 0.300	 5	 1	 2	 2	 0	 1
5	 0.300	 5	 0	 2	 0	 0	 1
5	 0.300	 5	 0	 2	 0	 1	 1
5	 0.300	 5	 0	 2	 0	 0	 1
5	 0.300	 5	 1	 2	 2	 0	 1
5	 0.300	 5	 0	 2	 0	 0	 1
6	 0.300	 5	 0	 2	 0	 1	 1
6	 0.300	 5	 0	 2	 0	 0	 1
6	 0.300	 5	 1	 2	 2	 0	 1
6	 0.300	 5	 0	 2	 0	 0	 1
6	 0.300	 5	 0	 2	 0	 1	 1
6	 0.300	 5	 0	 2	 0	 1	 1
6	 0.300	 5	 1	 2	 2	 0	 1
6	 0.300	 5	 0	 2	 0	 0	 1
7	 0.300	 5	 0	 2	 0	 1	 1
7	 0.300	 5	 0	 2	 0	 0	 1
7	 0.300	 5	 1	 2	 2	 0	 1
7	 0.300	 5	 0	 2	 0	 0	 1
7	 0.300	 5	 0	 2	 0	 1	 1
7	 0.300	 5	 0	 2	 0	 0	 1
7	 0.300	 5	 1	 2	 2	 0	 1
7	 0.300	 5	 0	 2	 0	 0	 1
8	 0.300	 5	 0	 2	 0	 1	 1
8	 0.300	 5	 0	 2	 0	 0	 1
8	 0.300	 5	 1	 2	 2	 0	 1
8	 0.300	 5	 0	 2	 0	 0	 1
8	 0.300	 5	 0	 2	 0	 1	 1
8	 0.300	 5	 0	 2	 0	 1	 1
8	 0.300	 5	 1	 2	 2	 0	 1
8	 0.300	 5	 0	 2	 0	 0	 0
9	 0.300	 5	 0	 2	 0	 1	 1
9	 0.300	 5	 0	 2	 0	 0	 1
9	 0.300	 5	 1	 2	 2	 0	 1
9	 0.300	 5	 0	 2	 0	 0	 1
9	 0.300	 5	 0	 2	 0	 1	 1
9	 0.300	 5	 0	 2	 0	 0	 1
9	 0.300	 5	 1	 2	 2	 0	 1
9	 0.300	 5	 0	 2	 0	 0	 1
10	 0.300	 5	 0	 2	 0	 1	 1
10	 0.300	 5	 0	 2	 0	 0	 1
10	 0.300	 5	 1	 2	 2	 0	 1
10	 0.300	 5	 0	 2	 0	 0	 1
10	 0.300	 5	 0	 2	 0	 1	 1
10	 0.300	 5	 0	 2	 0	 1	 1
10	 0.300	 5	 1	 2	 2	 0	 1
10	 0.300	 5	 0	 2	 0	 0	 1
11	 0.300	 5	 0	 2	 0	 1	 1
11	 0.300	 5	 0	 2	 0	 0	 1
11	 0.300	 5	 1	 2	 2	 0	 1
11	 0.300	 5	 0	 2	 0	 0	 1
11	 0.300	 5	 0	 2	 0	 1	 1
11	 0.300	 5	 0	 2	 0	 0	 1
11	 0.300	 5	 1	 2	 2	 0	 1
11	 0.300	 5	 0	 2	 0	 0	 1
12	 0.300	 5	 0	 2	 0	 1	 1
12	 0.300	 5	 0	 2	 0	 0	 1
12	 0.300	 5	 1	 2	 2	 0	 1
12	 0.300	 5	 0	 2	 0	 0	 1
12	 0.300	 5	 0	 2	 0	 1	 1
12	 0.300	 0	 0	 0	 0	 1	 1
12	 0.300	 3	 0	 2	 0	 0	 1
12	 0.300	 0	 2	 0	 2	 0	 1
13	 0.300	 8	 0	 2	 0	 1	 1
13	 0.600	 0	 1	 0	 2	 0	 1
13	 0.600	 5	 0	 2	 0	 0	 1
13	 0.600	 5	 1	 2	 2	 0	 1
14	 0.600	 5	 0	 2	 0	 1	 1
14	 0.600	 5	 0	 2	 0	 0	 1
14	 0.300	 0	 0	 0	 0	 1	 1
14	 0.300	 5	 0	 2	 0	 0	 1
14	 0.600	 5	 1	 2	 2	 0	 1
15	 0.600	 5	 0	 2	 0	 1	 1
15	 0.600	 5	 0	 2	 0	 0	 1
15	 0.300	 0	 0	 0	 0	 1	 1
15	 0.300	 5	 0	 2	 0	 0	 1
15	 0.700	 3	 0	 2	 0	 0	 1
15	 0.200	 0	 2	 0	 2	 0	 1
16	 0.300	 0	 0	 0	 0	 0	 0
16	 0.300	 2	 1	 2	 2	 0	 0
16	 0.300	 2	 1	 2	 2	 0	 0
16	 0.300	 2	 1	 2	 2	 0	 0
16	 0.300	 2	 1	 2	 2	 0	 0
16	 0.300	 0	 4	 0	 2	 0	 0
16	 0.200	 1	 0	 2	 0	 0	 0
16	 0.200	 0	 1	 0	 2	 0	 0
16	 0.200	 3	 0	 2	 0	 0	 0
16	 0.200	 0	 2	 0	 2	 0	 0
17	 0.100	 8	 0	 2	 0	 1	 0
17	 0.300	 6	 0	 2	 0	 0	 0
17	 0.300	 6	 1	 2	 2	 0	 0
17	 0.300	 6	 0	 2	 0	 0	 0
17	 0.300	 6	 0	 2	 0	 1	 0
17	 0.300	 6	 0	 2	 0	 1	 0
17	 0.300	 6	 1	 2	 2	 0	 0
17	 0.300	 6	 0	 2	 0	 0	 0
18	 0.300	 6	 0	 2	 0	 1	 0
18	 0.300	 6	 0	 2	 0	 0	 0
18	 0.300	 6	 1	 2	 2	 0	 0
18	 0.300	 6	 0	 2	 0	 0	 0
18	 0.300	 6	 0	 2	 0	 1	 0
18	 0.300	 6	 0	 2	 0	 1	 0
18	 0.300	 6	 1	 2	 2	 0	 0
18	 0.300	 6	 0	 2	 0	 0	 0
19	 0.300	 6	 0	 2	 0	 1	 0
19	 0.300	 6	 0	 2	 0	 0	 0
19	 0.300	 6	 1	 2	 2	 0	 0
19	 0.300	 6	 0	 2	 0	 0	 0
19	 0.300	 6	 0	 2	 0	 1	 0
19	 0.300	 6	 0	 2	 0	 1	 0
19	 0.300	 6	 1	 2	 2	 0	 0
19	 0.300	 6	 0	 2	 0	 0	 0
20	 0.300	 6	 0	 2	 0	 1	 0
20	 0.300	 6	 0	 2	 0	 0	 0
20	 0.300	 6	 1	 2	 2	 0	 0
20	 0.300	 6	 0	 2	 0	 0	 0
20	 0.300	 6	 0	 2	 0	 1	 0
20	 0.300	 0	 4	 0	 2	 0	 0
20	 0.300	 1	 0	 2	 0	 0	 0
20	 0.300	 0	 1	 0	 2	 0	 0
21	 0.300	 8	 0	 2	 0	 1	 0
21	 0.300	 6	 0	 2	 0	 0	 0
21	 0.300	 6	 1	 2	 2	 0	 0
21	 0.300	 6	 0	 2	 0	 0	 0
21	 0.300	 6	 0	 2	 0	 1	 0
21	 0.300	 6	 0	 2	 0	 0	 0
21	 0.300	 6	 1	 2	 2	 0	 0
21	 0.300	 6	 0	 2	 0	 0	 0
22	 0.300	 6	 0	 2	 0	 1	 0
22	 0.300	 6	 0	 2	 0	 0	 0
22	 0.300	 6	 1	 2	 2	 0	 0
22	 0.300	 6	 0	 2	 0	 0	 0
22	 0.300	 6	 0	 2	 0	 1	 0
22	 0.300	 6	 0	 2	 0	 1	 0
22	 0.300	 6	 1	 2	 2	 0	 0
22	 0.300	 6	 0	 2	 0	 0	 0
23	 0.300	 6	 0	 2	 0	 1	 0
23	 0.300	 6	 0	 2	 0	 0	 0
23	 0.300	 6	 1	 2	 2	 0	 0
23	 0.300	 6	 0	 2	 0	 0	 0
23	 0.300	 6	 0	 2	 0	 1	 0
23	 0.300	 6	 0	 2	 0	 0	 0
23	 0.300	 6	 1	 2	 2	 0	 0
23	 0.300	 6	 0	 2	 0	 0	 0
24	 0.300	 0	 1	 0	 2	 0	 0
24	 0.150	 1	 0	 2	 0	 0	 0
24	 0.300	 0	 4	 0	 2	 0	 0
24	 0.300	 2	 0	 2	 0	 0	 0
24	 0.450	 8	 0	 2	 0	 1	 0
24	 0.600	 0	 0	 0	 0	 0	 0
25	 0.600	 0	 0	 0	 0	 0	 0
25	 0.600	 0	 0	 0	 0	 0	 0
25	 0.600	 0	 0	 0	 0	 0	 0
25	 0.600	 0	 0	 0	 0	 0	 0
26	 0.600	 0	 0	 0	 0	 0	 0
26	 0.600	 0	 0	 0	 0	 0	 0
26	 0.550	 0	 6	 0	 2	 0	 0
26	 0.050	 6	 0	 2	 0	 0	 0
26	 0.600	 0	 0	 0	 0	 0	 0
26	 0.600	 0	 0	 0	 0	 0	 0
26	 0.600	 0	 0	 0	 0	 0	 0
26	 0.600	 0	 0	 0	 0	 0	 0
27	 0.600	 1	 1	 2	 2	 1	 1
