bpm=60
1	 0.600	 0	 0	 0	 0	 0	 0	 
1	 0.600	 0	 0	 0	 0	 0	 0	 
1	 0.600	 0	 0	 0	 0	 0	 0	 
1	 0.600	 0	 0	 0	 0	 0	 0	 
2	 0.600	 0	 0	 0	 0	 0	 1	 
2	 0.600	 0	 0	 0	 0	 0	 1	 
2	 0.600	 5	 0	 1	 0	 0	 1	 
2	 0.600	 5	 0	 1	 0	 0	 1
3	 0.600	 0	 1	 0	 1	 1	 0	 
3	 0.600	 0	 0	 0	 0	 0	 0	 
3	 0.600	 0	 0	 0	 0	 0	 0	 
3	 0.600	 0	 0	 0	 0	 0	 0
3	 0.300	 0	 0	 0	 0	 0	 0
3	 0.100	 2	 0	 1	 0	 0	 0
4	 0.200	 0	 1	 0	 1	 1	 0	 
4	 0.600	 0	 0	 0	 0	 0	 0	 
4	 0.600	 0	 0	 0	 0	 0	 0	 
4	 0.600	 0	 0	 0	 0	 0	 0
4	 0.300	 0	 0	 0	 0	 0	 0
4	 0.100	 2	 0	 1	 0	 0	 0	
5	 0.200	 7	 8	 1	 1	 1	 0	 
5	 0.600	 0	 0	 0	 0	 0	 0	 
5	 0.600	 0	 0	 0	 0	 0	 0	 
5	 0.600	 0	 0	 0	 0	 0	 0
5	 0.300	 0	 0	 0	 0	 0	 0
5	 0.100	 2	 0	 1	 0	 0	 0 
6	 0.200	 7	 8	 1	 1	 1	 0	 
6	 0.600	 0	 0	 0	 0	 0	 0	 
6	 0.600	 0	 0	 0	 0	 0	 0 
6	 0.600	 0	 0	 0	 0	 0	 0	 
6	 0.200	 3	 0	 1	 0	 0	 0	 
6	 0.100	 0	 3	 0	 1	 0	 0	 
6	 0.100	 2	 0	 1	 0	 0	 0
7	 0.200	 7	 0	 1	 0	 1	 0	 
7	 0.600	 0	 0	 0	 0	 0	 0	 
7	 0.600	 0	 0	 0	 0	 0	 0	 
7	 0.600	 0	 0	 0	 0	 0	 0	 
8	 0.600	 7	 8	 1	 1	 1	 0	 
8	 0.600	 0	 0	 0	 0	 0	 0	 
8	 0.600	 0	 0	 0	 0	 0	 0	 
8	 0.200	 6	 0	 1	 0	 0	 0	 
8	 0.200	 0	 6	 0	 1	 0	 0	 
9	 0.200	 6	 0	 1	 0	 0	 0	 
9	 0.600	 0	 1	 0	 0	 0	 0	 
9	 0.600	 0	 0	 0	 0	 0	 0	 
9	 0.600	 0	 0	 0	 0	 0	 0	