bpm	107
1	0.600	8	0	5	0	1	0	
1	0.150	0	1	0	2	0	0	
1	0.150	0	1	0	2	0	0	
1	0.150	1	0	2	0	0	0	
1	0.150	0	1	0	5	0	0	
1	0.300	7	0	5	0	1	0	
1	0.150	0	1	0	2	0	0	
1	0.150	0	1	0	2	0	0	
1	0.150	1	0	2	0	0	0	
1	0.150	0	1	0	5	0	0	
1	0.300	8	0	5	0	1	0	
1	0.150	0	1	0	2	0	0	
1	0.150	0	1	0	2	0	0	
1	0.150	1	0	2	0	0	0	
2	0.150	0	1	0	5	0	0	
2	0.300	7	0	5	0	1	0	
2	0.150	0	1	0	2	0	0	
2	0.150	0	1	0	2	0	0	
2	0.150	1	0	2	0	0	0	
2	0.150	0	1	0	5	0	0	
2	0.300	8	0	5	0	1	0	
2	0.150	0	1	0	5	0	0	
2	0.150	1	0	5	0	0	0	
2	0.150	0	4	0	5	0	0	
2	0.150	3	0	5	0	0	0	
2	0.150	0	3	0	5	0	0	
2	0.150	2	0	5	0	0	0	
2	0.150	0	2	0	5	0	0	
3	0.150	7	0	5	0	1	0	
3	0.300	6	0	5	0	0	0	
3	0.300	6	1	5	5	0	0	
3	0.300	6	0	5	0	0	0	
3	0.150	0	0	0	0	1	0	
3	0.150	6	0	5	0	0	0	
3	0.300	6	0	5	0	1	0	
3	0.300	6	1	5	5	0	0	
3	0.300	6	0	5	0	0	0	
4	0.250	0	1	0	5	0	0	
4	0.050	1	0	5	0	0	0	
4	0.150	0	0	0	0	1	0	
4	0.150	1	0	5	0	0	0	
4	0.150	0	4	0	5	0	0	
4	0.150	2	0	5	0	0	0	
4	0.150	0	0	0	0	1	0	
4	0.100	0	1	0	5	0	0	
4	0.050	1	0	5	0	0	0	
4	0.150	0	0	0	0	1	0	
4	0.150	1	0	5	0	0	0	
4	0.150	0	4	0	5	0	0	
4	0.150	2	0	5	0	0	0	
4	0.150	0	0	0	0	1	0	
4	0.100	0	1	0	5	0	0	
4	0.050	1	0	5	0	0	0	
4	0.300	1	0	5	0	0	0	
4	0.150	0	1	0	5	0	0	
5	0.150	8	0	5	0	1	0	
5	0.150	0	1	0	2	0	0	
5	0.150	0	1	0	2	0	0	
5	0.150	8	0	5	0	1	0	
5	0.150	0	1	0	5	0	0	
5	0.150	1	0	5	0	0	0	
5	0.150	0	1	0	2	0	0	
5	0.150	0	1	0	2	0	0	
5	0.150	4	0	5	0	1	0	
5	0.150	0	1	0	2	0	0	
5	0.150	0	1	0	2	0	0	
5	0.150	3	0	5	0	0	0	
5	0.150	0	1	0	5	0	0	
5	0.150	2	0	5	0	0	0	
5	0.150	0	1	0	2	0	0	
5	0.150	0	1	0	2	0	0	
6	0.150	2	0	5	0	0	0	
6	0.150	0	1	0	2	0	0	
6	0.150	0	1	0	2	0	0	
6	0.150	3	0	5	0	0	0	
6	0.150	0	1	0	5	0	0	
6	0.150	4	0	5	0	0	0	
6	0.150	0	1	0	2	0	0	
6	0.150	0	1	0	2	0	0	
6	0.150	8	0	5	0	1	0	
6	0.150	0	1	0	2	0	0	
6	0.150	0	1	0	2	0	0	
6	0.150	7	0	5	0	1	0	
6	0.150	0	1	0	5	0	0	
6	0.150	1	0	5	0	0	0	
6	0.150	0	1	0	2	0	0	
6	0.150	0	1	0	2	0	0	
7	0.150	1	0	5	0	0	0	
7	0.075	0	1	0	5	0	0	
7	0.075	1	0	5	0	0	0	
7	0.150	0	1	0	5	0	0	
7	0.150	1	0	5	0	0	0	
7	0.075	0	1	0	5	0	0	
7	0.075	1	0	5	0	0	0	
7	0.150	0	1	0	5	0	0	
7	0.150	1	0	5	0	0	0	
7	0.150	0	1	0	5	0	0	
7	0.150	4	0	5	0	0	0	
7	0.075	0	4	0	5	0	0	
7	0.075	4	0	5	0	0	0	
7	0.150	0	4	0	5	0	0	
7	0.150	3	0	5	0	0	0	
7	0.075	0	3	0	5	0	0	
7	0.075	3	0	5	0	0	0	
7	0.150	0	3	0	5	0	0	
7	0.150	2	0	5	0	0	0	
7	0.150	0	2	0	5	0	0	
8	0.150	2	0	5	0	1	0	
8	0.150	0	2	0	5	0	0	
8	0.150	2	0	5	0	0	0	
8	0.150	0	0	0	0	1	0	
8	0.100	0	1	0	5	0	0	
8	0.050	1	0	5	0	0	0	
8	0.150	0	0	0	0	1	0	
8	0.150	2	0	5	0	0	0	
8	0.150	0	2	0	5	0	0	
8	0.150	2	0	5	0	1	0	
8	0.150	0	2	0	5	0	0	
8	0.150	2	0	5	0	0	0	
8	0.150	0	0	0	0	1	0	
8	0.100	0	1	0	5	0	0	
8	0.050	1	0	5	0	0	0	
8	0.150	0	1	0	5	1	0	
8	0.150	4	0	5	0	0	0	
8	0.150	0	4	0	5	0	0	
9	0.150	0	0	0	0	1	0	
9	0.150	0	4	0	5	0	0	
9	0.150	4	0	5	0	0	0	
9	0.150	0	0	0	0	1	0	
9	0.150	0	1	0	5	0	0	
9	0.150	0	0	0	0	1	0	
9	0.150	3	0	5	0	0	0	
9	0.150	0	3	0	5	0	0	
9	0.150	0	0	0	0	1	0	
9	0.150	2	0	5	0	0	0	
9	0.150	0	2	0	5	0	0	
9	0.150	0	0	0	0	1	0	
9	0.150	7	1	5	5	1	0	
10	0.600	0	0	0	0	0	0	
10	0.600	0	0	0	0	0	1	
10	0.600	5	0	5	0	0	1	
10	0.600	5	0	5	0	0	1	`
11	0.600	7	0	5	0	1	1	
11	0.300	2	5	5	5	0	1	
11	0.300	0	0	0	0	1	1	
11	0.300	2	5	5	5	0	1	
11	0.300	0	0	0	0	1	1	
11	0.300	2	5	5	5	0	1	
11	0.150	2	0	5	0	0	1	
11	0.150	0	0	0	0	1	1	
11	0.150	2	0	5	0	0	1	
11	0.150	2	5	5	5	0	1	
12	0.300	2	0	5	0	1	1	
12	0.300	0	5	0	5	0	1	
12	0.300	2	0	5	0	1	1	
12	0.300	0	5	0	5	0	1	
12	0.300	0	0	0	0	1	1	
12	0.300	2	5	5	5	0	1	
12	0.150	2	0	5	0	0	1	
12	0.150	0	0	0	0	1	1	
12	0.150	2	0	5	0	0	1	
12	0.150	2	5	5	5	0	1	
13	0.300	0	8	0	5	1	1	
13	0.300	2	5	5	5	0	1	
13	0.300	0	0	0	0	1	1	
13	0.300	2	5	5	5	0	1	
13	0.300	0	0	0	0	1	1	
13	0.300	2	5	5	5	0	1	
13	0.150	2	0	5	0	0	1	
13	0.150	0	0	0	0	1	1	
13	0.150	2	0	5	0	0	1	
13	0.150	2	5	5	5	0	1	
14	0.300	2	0	5	0	1	1	
14	0.300	0	5	0	5	0	1	
14	0.300	2	0	5	0	1	1	
14	0.300	0	5	0	5	0	1	
14	0.300	0	0	0	0	1	1	
14	0.300	2	5	5	5	0	1	
14	0.150	2	0	5	0	0	1	
14	0.150	0	0	0	0	1	1	
14	0.150	2	0	5	0	0	1	
14	0.150	2	5	5	5	0	1	
15	0.300	0	0	0	0	1	1	
15	0.300	2	5	5	5	0	1	
15	0.300	0	0	0	0	1	1	
15	0.300	2	5	5	5	0	1	
15	0.300	0	0	0	0	1	1	
15	0.300	2	5	5	5	0	1	
15	0.150	2	0	5	0	0	1	
15	0.150	0	0	0	0	1	1	
15	0.150	2	0	5	0	0	1	
15	0.150	2	5	5	5	0	1	
16	0.300	2	0	5	0	1	1	
16	0.300	0	5	0	5	0	1	
16	0.300	2	0	5	0	1	1	
16	0.300	0	5	0	5	0	1	
16	0.300	0	0	0	0	1	1	
16	0.300	2	5	5	5	0	1	
16	0.150	2	0	5	0	0	1	
16	0.150	0	0	0	0	1	1	
16	0.150	2	0	5	0	0	1	
16	0.150	2	5	5	5	0	1	
17	0.300	0	0	0	0	1	1	
17	0.300	2	5	5	5	0	1	
17	0.300	0	0	0	0	1	1	
17	0.300	2	5	5	5	0	1	
17	0.300	0	0	0	0	1	1	
17	0.300	2	5	5	5	0	1	
17	0.150	2	0	5	0	0	1	
17	0.150	0	0	0	0	1	1	
17	0.150	2	0	5	0	0	1	
17	0.150	2	5	5	5	0	1	
18	0.300	2	0	5	0	1	1	
18	0.300	0	5	0	5	0	1	
18	0.300	2	0	5	0	1	1	
18	0.300	0	5	0	5	0	1	
18	0.300	0	0	0	0	1	1	
18	0.300	2	5	5	5	0	1	
18	0.150	2	0	5	0	0	1	
18	0.150	0	0	0	0	1	1	
18	0.150	2	0	5	0	0	1	
18	0.150	2	5	5	5	0	1	
19	0.300	0	0	0	0	1	1	
19	0.300	2	5	5	5	0	1	
19	0.300	0	0	0	0	1	1	
19	0.300	2	5	5	5	0	1	
19	0.300	0	0	0	0	1	1	
19	0.300	2	5	5	5	0	1	
19	0.150	2	0	5	0	0	1	
19	0.150	0	0	0	0	1	1	
19	0.150	2	0	5	0	0	1	
19	0.150	2	5	5	5	0	1	
20	0.300	2	0	5	0	1	1	
20	0.300	0	5	0	5	0	1	
20	0.300	2	0	5	0	1	1	
20	0.300	0	5	0	5	0	1	
20	0.300	0	0	0	0	1	1	
20	0.300	2	5	5	5	0	1	
20	0.150	2	0	5	0	0	1	
20	0.150	0	0	0	0	1	1	
20	0.150	2	0	5	0	0	1	
20	0.150	2	5	5	5	0	1	
21	0.300	0	0	0	0	1	1	
21	0.300	2	5	5	5	0	1	
21	0.300	0	0	0	0	1	1	
21	0.300	2	5	5	5	0	1	
21	0.300	0	0	0	0	1	1	
21	0.300	2	5	5	5	0	1	
21	0.150	2	0	5	0	0	1	
21	0.150	0	0	0	0	1	1	
21	0.150	2	0	5	0	0	1	
21	0.150	2	5	5	5	0	1	
22	0.300	2	0	5	0	1	1	
22	0.300	0	5	0	5	0	1	
22	0.300	2	0	5	0	1	1	
22	0.300	0	5	0	5	0	1	
22	0.300	0	0	0	0	1	1	
22	0.300	2	5	5	5	0	1	
22	0.150	2	0	5	0	0	1	
22	0.150	0	0	0	0	1	1	
22	0.150	2	0	5	0	0	1	
22	0.150	2	5	5	5	0	1	
23	0.300	0	0	0	0	1	1	
23	0.300	2	5	5	5	0	1	
23	0.300	0	0	0	0	1	1	
23	0.300	2	5	5	5	0	1	
23	0.300	0	0	0	0	1	1	
23	0.300	2	5	5	5	0	1	
23	0.150	2	0	5	0	0	1	
23	0.150	0	0	0	0	1	1	
23	0.150	2	0	5	0	0	1	
23	0.150	2	5	5	5	0	1	
24	0.300	2	0	5	0	1	1	
24	0.300	0	5	0	5	0	1	
24	0.300	2	0	5	0	1	1	
24	0.300	0	5	0	5	0	1	
24	0.300	0	0	0	0	1	1	
24	0.300	2	5	5	5	0	1	
24	0.150	2	0	5	0	0	1	
24	0.150	0	0	0	0	1	1	
24	0.150	2	0	5	0	0	1	
24	0.150	2	5	5	5	0	1	
25	0.300	0	0	0	0	1	1	
25	0.300	2	5	5	5	0	1	
25	0.300	0	0	0	0	1	1	
25	0.300	2	5	5	5	0	1	
25	0.300	0	0	0	0	1	1	
25	0.300	2	5	5	5	0	1	
25	0.150	2	0	5	0	0	1	
25	0.150	0	0	0	0	1	1	
25	0.150	2	0	5	0	0	1	
25	0.150	2	5	5	5	0	1	
26	0.300	2	0	5	0	1	1	
26	0.300	0	5	0	5	0	1	
26	0.300	2	0	5	0	1	1	
26	0.300	0	5	0	5	0	1	
26	0.300	0	0	0	0	1	1	
26	0.300	2	5	5	5	0	1	
26	0.150	2	0	5	0	0	1	
26	0.150	0	0	0	0	1	1	
26	0.150	2	0	5	0	0	1	
26	0.150	2	5	5	5	0	1	
27	0.300	0	0	0	0	1	1	
27	0.300	2	5	5	5	0	1	
27	0.300	0	0	0	0	1	1	
27	0.300	2	5	5	5	0	1	
27	0.300	0	0	0	0	1	1	
27	0.300	2	5	5	5	0	1	
27	0.150	2	0	5	0	0	1	
27	0.150	0	0	0	0	1	1	
27	0.150	2	0	5	0	0	1	
27	0.150	2	5	5	5	0	1	
28	0.300	2	0	5	0	1	1	
28	0.300	0	5	0	5	0	1	
28	0.300	2	0	5	0	1	1	
28	0.300	0	5	0	5	0	1	
28	0.300	0	0	0	0	1	1	
28	0.300	2	5	5	5	0	1	
28	0.150	2	0	5	0	0	1	
28	0.150	0	0	0	0	1	1	
28	0.150	2	0	5	0	0	1	
28	0.150	2	5	5	5	0	1	
29	0.300	0	0	0	0	1	1	
29	0.300	2	5	5	5	0	1	
29	0.300	0	0	0	0	1	1	
29	0.300	2	5	5	5	0	1	
29	0.300	0	0	0	0	1	1	
29	0.300	2	5	5	5	0	1	
29	0.150	2	0	5	0	0	1	
29	0.150	0	0	0	0	1	1	
29	0.150	2	0	5	0	0	1	
29	0.150	2	5	5	5	0	1	
30	0.300	2	0	5	0	1	1	
30	0.300	0	5	0	5	0	1	
30	0.300	2	0	5	0	1	1	
30	0.300	0	5	0	5	0	1	
30	0.300	0	0	0	0	1	1	
30	0.300	2	5	5	5	0	1	
30	0.150	2	0	5	0	0	1	
30	0.150	0	0	0	0	1	1	
30	0.150	2	0	5	0	0	1	
30	0.150	2	5	5	5	0	1	
31	0.300	7	0	5	0	1	0	
31	0.300	0	3	0	5	0	0	
31	0.150	2	0	5	0	0	0	
31	0.150	0	2	0	5	1	0	
31	0.300	2	0	5	0	0	0	
31	0.150	0	0	0	0	1	0	
31	0.150	7	1	5	5	0	0	
31	0.450	7	1	5	5	0	0	
31	0.150	0	0	0	0	0	0	
31	0.150	2	0	5	0	0	0	
31	0.150	2	3	5	5	0	0	
32	0.300	7	0	5	0	1	0	
32	0.300	0	3	0	5	0	0	
32	0.150	2	0	5	0	0	0	
32	0.150	0	2	0	5	1	0	
32	0.300	2	0	5	0	0	0	
32	0.150	0	0	0	0	1	0	
32	0.150	7	1	5	5	0	0	
32	0.450	7	1	5	5	0	0	
32	0.150	0	0	0	0	0	0	
32	0.150	2	0	5	0	0	0	
32	0.150	2	3	5	5	0	0	
33	0.300	7	0	5	0	1	0	
33	0.300	0	3	0	5	0	0	
33	0.150	2	0	5	0	0	0	
33	0.150	0	2	0	5	1	0	
33	0.150	2	0	5	0	0	0	
33	0.150	0	0	0	0	1	0	
33	0.150	7	1	5	5	0	0	
33	0.150	0	0	0	0	0	0	
33	0.300	3	1	5	2	0	0	
33	0.300	0	0	0	0	1	0	
33	0.300	3	1	5	2	0	0	
34	0.300	0	0	0	0	1	1	
34	0.300	2	5	5	5	0	1	
34	0.300	0	0	0	0	1	1	
34	0.300	2	5	5	5	0	1	
34	0.300	0	0	0	0	1	1	
34	0.300	2	5	5	5	0	1	
34	0.150	2	0	5	0	0	1	
34	0.150	0	0	0	0	1	1	
34	0.150	2	0	5	0	0	1	
34	0.150	2	5	5	5	0	1	
35	0.300	7	0	5	0	1	0	
35	0.300	0	3	0	5	0	0	
35	0.150	2	0	5	0	0	0	
35	0.150	0	2	0	5	1	0	
35	0.300	2	0	5	0	0	0	
35	0.150	0	0	0	0	1	0	
35	0.150	7	1	5	5	0	0	
35	0.450	7	1	5	5	0	0	
35	0.150	0	0	0	0	0	0	
35	0.150	2	0	5	0	0	0	
35	0.150	2	3	5	5	0	0	
36	0.300	7	0	5	0	1	0	
36	0.300	0	3	0	5	0	0	
36	0.150	2	0	5	0	0	0	
36	0.150	0	2	0	5	1	0	
36	0.300	2	0	5	0	0	0	
36	0.150	0	0	0	0	1	0	
36	0.150	7	1	5	5	0	0	
36	0.450	7	1	5	5	0	0	
36	0.150	0	0	0	0	0	0	
36	0.150	2	0	5	0	0	0	
36	0.150	2	3	5	5	0	0	
37	0.300	0	0	0	0	1	0	
37	0.600	7	8	5	0	1	0	
37	0.600	0	0	0	0	1	0	
37	0.600	7	8	5	0	1	0	
38	0.600	5	1	5	2	1	0	
38	0.300	5	1	5	5	0	0	
38	0.300	5	1	5	2	1	0	
38	0.300	5	1	5	5	0	0	
38	0.300	3	0	5	0	1	0	
38	0.300	0	3	0	5	1	0	
38	0.300	1	1	5	5	0	0	
39	0.600	8	0	5	0	1	0	
39	0.300	5	1	5	5	0	0	
39	0.300	5	0	5	0	1	0	
39	0.300	5	1	5	5	0	0	
39	0.150	0	0	0	0	1	0	
39	0.150	5	0	5	0	0	0	
39	0.150	0	0	0	0	1	0	
39	0.150	5	1	5	5	0	0	
39	0.300	5	0	5	0	1	0	
39	0.300	5	1	5	5	0	0	
40	0.300	5	0	5	0	1	0	
40	0.300	5	1	5	5	0	0	
40	0.300	5	0	5	0	1	0	
40	0.300	5	1	5	5	0	0	
40	0.150	0	0	0	0	1	0	
40	0.150	5	0	5	0	0	0	
40	0.150	0	0	0	0	1	0	
40	0.150	5	1	5	5	0	0	
40	0.300	5	0	5	0	1	0	
40	0.300	5	1	5	5	0	0	
41	0.300	5	0	5	0	1	0	
41	0.300	5	1	5	5	0	0	
41	0.300	5	0	5	0	1	0	
41	0.300	5	1	5	5	0	0	
41	0.150	0	0	0	0	1	0	
41	0.150	5	0	5	0	0	0	
41	0.150	0	0	0	0	1	0	
41	0.150	5	1	5	5	0	0	
41	0.300	5	0	5	0	1	0	
41	0.300	5	1	5	5	0	0	
42	0.300	5	0	5	0	1	0	
42	0.300	5	1	5	5	0	0	
42	0.300	5	0	5	0	1	0	
42	0.300	5	1	5	5	0	0	
42	0.150	0	0	0	0	1	0	
42	0.150	5	0	5	0	0	0	
42	0.150	0	0	0	0	1	0	
42	0.150	5	1	5	2	0	0	
42	0.150	0	1	0	2	0	0	
42	0.150	5	0	5	0	1	0	
42	0.300	5	1	5	5	0	0	
43	0.300	5	0	5	0	1	0	
43	0.300	5	1	5	5	0	0	
43	0.300	5	0	5	0	1	0	
43	0.300	5	1	5	5	0	0	
43	0.150	0	0	0	0	1	0	
43	0.150	5	0	5	0	0	0	
43	0.150	0	0	0	0	1	0	
43	0.150	5	1	5	5	0	0	
43	0.300	5	0	5	0	1	0	
43	0.300	5	1	5	5	0	0	
44	0.300	5	0	5	0	1	0	
44	0.300	5	1	5	5	0	0	
44	0.300	5	0	5	0	1	0	
44	0.300	5	1	5	5	0	0	
44	0.150	0	0	0	0	1	0	
44	0.150	5	0	5	0	0	0	
44	0.150	0	0	0	0	1	0	
44	0.150	5	1	5	5	0	0	
44	0.300	5	0	5	0	1	0	
44	0.300	5	1	5	5	0	0	
45	0.300	5	0	5	0	1	0	
45	0.300	5	1	5	5	0	0	
45	0.300	5	0	5	0	1	0	
45	0.300	5	1	5	5	0	0	
45	0.150	0	0	0	0	1	0	
45	0.150	5	0	5	0	0	0	
45	0.150	0	0	0	0	1	0	
45	0.150	5	1	5	5	0	0	
45	0.300	5	0	5	0	1	0	
45	0.300	5	1	5	5	0	0	
46	0.300	5	0	5	0	1	0	
46	0.300	5	1	5	5	0	0	
46	0.300	5	0	5	0	1	0	
46	0.300	5	1	5	5	0	0	
46	0.150	0	0	0	0	1	0	
46	0.150	5	0	5	0	0	0	
46	0.150	0	0	0	0	1	0	
46	0.150	5	1	5	2	0	0	
46	0.150	0	1	0	2	0	0	
46	0.150	5	0	5	0	1	0	
46	0.150	0	1	0	5	0	0	
46	0.150	5	0	5	0	0	0	
46	0.150	0	1	0	5	0	0	
47	0.150	8	0	5	0	1	0	
47	0.300	5	1	5	5	0	0	
47	0.300	5	0	5	0	1	0	
47	0.300	5	1	5	5	0	0	
47	0.300	5	0	5	0	1	0	
47	0.300	5	1	5	5	0	0	
47	0.150	0	0	0	0	1	0	
47	0.150	5	0	5	0	0	0	
47	0.150	0	0	0	0	1	0	
47	0.150	5	1	5	5	0	0	
48	0.300	5	0	5	0	1	0	
48	0.300	5	1	5	5	0	0	
48	0.300	5	0	5	0	1	0	
48	0.300	5	1	5	5	0	0	
48	0.150	0	0	0	0	1	0	
48	0.150	5	0	5	0	0	0	
48	0.150	0	0	0	0	1	0	
48	0.150	5	1	5	5	0	0	
48	0.300	5	0	5	0	1	0	
48	0.300	5	1	5	5	0	0	
49	0.300	5	0	5	0	1	0	
49	0.300	5	1	5	5	0	0	
49	0.300	5	0	5	0	1	0	
49	0.300	5	1	5	5	0	0	
49	0.300	5	0	5	0	1	0	
49	0.300	5	1	5	5	0	0	
49	0.150	0	0	0	0	1	0	
49	0.150	5	0	5	0	0	0	
49	0.150	0	0	0	0	1	0	
49	0.150	5	1	5	2	0	0	
49	0.150	0	1	0	2	0	0	
50	0.150	5	0	5	0	1	0	
50	0.300	5	1	5	5	0	0	
50	0.300	5	0	5	0	1	0	
50	0.300	5	1	5	5	0	0	
50	0.150	0	0	0	0	1	0	
50	0.150	5	0	5	0	0	0	
50	0.150	0	0	0	0	1	0	
50	0.150	5	1	5	5	0	0	
50	0.300	5	0	5	0	1	0	
50	0.300	5	1	5	5	0	0	
51	0.300	8	0	5	0	1	0	
51	0.300	5	1	5	5	0	0	
51	0.300	5	0	5	0	1	0	
51	0.300	5	1	5	5	0	0	
51	0.150	0	0	0	0	1	0	
51	0.150	5	0	5	0	0	0	
51	0.150	0	0	0	0	1	0	
51	0.150	5	1	5	5	0	0	
51	0.300	5	0	5	0	1	0	
51	0.300	5	1	5	5	0	0	
52	0.300	5	0	5	0	1	0	
52	0.300	5	1	5	5	0	0	
52	0.300	5	0	5	0	1	0	
52	0.300	5	1	5	5	0	0	
52	0.150	0	0	0	0	1	0	
52	0.150	5	0	5	0	0	0	
52	0.150	0	0	0	0	1	0	
52	0.150	5	1	5	5	0	0	
52	0.300	5	0	5	0	1	0	
52	0.300	5	1	5	5	0	0	
53	0.300	5	0	5	0	1	0	
53	0.300	5	1	5	5	0	0	
53	0.300	5	0	5	0	1	0	
53	0.300	5	1	5	5	0	0	
53	0.300	5	0	5	0	0	0	
53	0.300	5	1	5	5	0	0	
53	0.300	5	0	5	0	1	0	
53	0.300	5	1	5	2	0	0	
53	0.150	0	1	0	2	0	0	
54	0.150	5	0	5	0	1	0	
54	0.300	5	1	5	5	0	0	
54	0.300	5	0	5	0	1	0	
54	0.300	5	1	5	5	0	0	
54	0.150	0	0	0	0	1	0	
54	0.150	5	0	5	0	0	0	
54	0.150	0	0	0	0	1	0	
54	0.150	5	1	5	5	0	0	
54	0.300	5	0	5	0	1	0	
54	0.300	5	1	5	5	0	0	
55	0.300	8	0	5	0	1	0	
55	0.300	5	1	5	5	0	0	
55	0.300	5	0	5	0	1	0	
55	0.300	5	1	5	5	0	0	
55	0.300	5	0	5	0	0	0	
55	0.300	5	1	5	5	0	0	
55	0.300	5	0	5	0	1	0	
55	0.300	5	1	5	5	0	0	
56	0.300	5	0	5	0	1	0	
56	0.300	5	1	5	5	0	0	
56	0.300	5	0	5	0	1	0	
56	0.300	5	1	5	5	0	0	
56	0.300	5	0	5	0	0	0	
56	0.300	5	1	5	5	0	0	
56	0.300	5	0	5	0	1	0	
56	0.300	5	1	5	5	0	0	
57	0.300	5	0	5	0	1	0	
57	0.300	5	1	5	5	0	0	
57	0.300	5	0	5	0	1	0	
57	0.300	5	1	5	5	0	0	
57	0.300	5	0	5	0	0	0	
57	0.300	5	1	5	5	0	0	
57	0.300	5	0	5	0	1	0	
57	0.300	5	1	5	5	0	0	
58	0.300	5	0	5	0	1	0	
58	0.300	5	1	5	5	0	0	
58	0.300	5	0	5	0	1	0	
58	0.300	5	1	5	5	0	0	
58	0.300	5	0	5	0	0	0	
58	0.300	5	1	5	5	0	0	
58	0.300	5	0	5	0	1	0	
58	0.150	0	1	0	5	0	0	
58	0.150	5	0	5	0	0	0	
58	0.150	0	1	0	5	0	0	
59	0.150	8	0	5	0	1	0	
59	0.300	5	1	5	5	0	0	
59	0.300	5	0	5	0	1	0	
59	0.300	5	1	5	5	0	0	
59	0.300	5	0	5	0	1	0	
59	0.300	5	1	5	5	0	0	
59	0.150	0	0	0	0	1	0	
59	0.150	5	0	5	0	0	0	
59	0.150	0	0	0	0	1	0	
59	0.150	5	1	5	5	0	0	
60	0.300	5	0	5	0	1	0	
60	0.300	5	1	5	5	0	0	
60	0.300	5	0	5	0	1	0	
60	0.300	5	1	5	5	0	0	
60	0.150	0	0	0	0	1	0	
60	0.150	5	0	5	0	0	0	
60	0.150	0	0	0	0	1	0	
60	0.150	5	1	5	5	0	0	
60	0.300	5	0	5	0	1	0	
60	0.300	5	1	5	5	0	0	
61	0.300	5	0	5	0	1	0	
61	0.300	5	1	5	5	0	0	
61	0.300	5	0	5	0	1	0	
61	0.300	5	1	5	5	0	0	
61	0.300	5	0	5	0	0	0	
61	0.300	5	1	5	5	0	0	
61	0.300	5	0	5	0	1	0	
61	0.300	5	1	5	2	0	0	
61	0.150	0	1	0	2	0	0	
62	0.150	8	0	5	0	1	0	
62	0.300	5	1	5	5	0	0	
62	0.300	5	0	5	0	1	0	
62	0.300	5	1	5	5	0	0	
62	0.150	0	0	0	0	1	0	
62	0.150	5	0	5	0	0	0	
62	0.150	0	0	0	0	1	0	
62	0.150	5	1	5	5	0	0	
62	0.300	5	0	5	0	1	0	
62	0.150	0	1	0	5	0	0	
62	0.150	5	0	5	0	0	0	
62	0.150	0	1	0	5	0	0	
63	0.150	8	0	5	0	1	0	
63	0.300	5	1	5	5	0	0	
63	0.300	5	0	5	0	1	0	
63	0.300	5	1	5	5	0	0	
63	0.300	5	0	5	0	0	0	
63	0.300	5	1	5	5	0	0	
63	0.300	5	0	5	0	1	0	
63	0.300	5	1	5	5	0	0	
64	0.300	5	0	5	0	1	0	
64	0.300	5	1	5	2	0	0	
64	0.150	0	1	0	2	0	0	
64	0.150	5	0	5	0	1	0	
64	0.300	5	1	5	2	0	0	
64	0.150	0	1	0	2	0	0	
64	0.150	5	0	5	0	1	0	
64	0.300	5	1	5	2	0	0	
64	0.150	0	1	0	2	0	0	
64	0.150	1	0	5	0	0	0	
64	0.100	0	1	0	5	0	0	
64	0.100	1	0	2	0	0	0	
64	0.100	1	0	2	0	0	0	
64	0.100	0	1	0	2	0	0	
64	0.100	0	1	0	2	0	0	
65	0.100	8	0	5	0	1	0	
65	0.600	5	1	5	5	0	0	
65	0.600	7	8	5	5	1	0	
65	0.600	1	0	5	0	0	0	
65	0.100	0	1	0	5	0	0	
65	0.100	1	0	2	0	0	0	
65	0.100	1	0	2	0	0	0	
65	0.100	0	1	0	2	0	0	
65	0.100	0	1	0	2	0	0	
66	0.100	8	0	5	0	1	0	
66	0.300	5	1	5	5	0	0	
66	0.300	5	0	5	0	1	0	
66	0.300	5	1	5	5	0	0	
66	0.150	0	0	0	0	1	0	
66	0.150	5	0	5	0	0	0	
66	0.150	0	0	0	0	1	0	
66	0.150	5	1	5	5	0	0	
66	0.300	5	0	5	0	1	0	
66	0.300	5	1	5	5	0	0	
67	0.300	5	0	5	0	1	0	
67	0.300	5	1	5	5	0	0	
67	0.300	5	0	5	0	1	0	
67	0.300	5	1	5	5	0	0	
67	0.150	0	0	0	0	1	0	
67	0.150	5	0	5	0	0	0	
67	0.150	0	0	0	0	1	0	
67	0.150	5	1	5	5	0	0	
67	0.300	5	0	5	0	1	0	
67	0.300	5	1	5	5	0	0	
68	0.300	5	0	5	0	1	0	
68	0.300	5	1	5	5	0	0	
68	0.300	5	0	5	0	1	0	
68	0.300	5	1	5	5	0	0	
68	0.150	0	0	0	0	1	0	
68	0.150	5	0	5	0	0	0	
68	0.150	0	0	0	0	1	0	
68	0.150	5	1	5	5	0	0	
68	0.300	5	0	5	0	1	0	
68	0.300	0	1	0	2	0	0	
68	0.150	0	1	0	2	0	0	
bpm	88
69	0.150	8	0	5	0	1	0	
69	0.600	5	1	0	5	0	0	
69	0.600	7	8	5	5	1	0	
69	0.300	4	0	5	0	1	0	
69	0.150	0	0	0	0	1	0	
69	0.150	3	0	5	0	0	0	
69	0.150	0	3	0	5	0	0	
69	0.150	2	0	5	0	0	0	
69	0.150	0	0	0	0	0	0	
bpm	77
70	0.150	7	0	5	0	1	0	
70	0.600	0	8	0	2	0	0	
70	0.075	8	0	2	0	0	0	
70	0.075	0	8	0	2	0	0	
70	0.075	8	0	2	0	0	0	
70	0.075	0	8	0	2	0	0	
70	0.075	8	0	2	0	0	0	
70	0.075	0	8	0	2	0	0	
70	0.075	8	0	2	0	0	0	
70	0.075	0	8	0	2	0	0	
70	0.075	8	0	2	0	0	0	
70	0.075	0	8	0	2	0	0	
70	0.075	8	0	2	0	0	0	
70	0.075	0	8	0	2	0	0	
70	0.075	8	0	2	0	0	0	
70	0.075	0	8	0	2	0	0	
70	0.075	8	0	2	0	0	0	
70	0.075	0	8	0	2	0	0	
70	0.075	8	0	2	0	0	0	
70	0.075	0	8	0	2	0	0	
70	0.075	8	0	2	0	0	0	
70	0.075	0	8	0	2	0	0	
70	0.075	8	0	2	0	0	0	
70	0.075	0	0	0	0	0	0	
70	0.075	0	0	0	0	0	0	
bpm	66
71	0.075	0	0	0	0	1	0	
71	0.150	0	0	0	0	1	0	
71	0.150	1	1	5	5	0	0	
71	0.150	0	0	0	0	1	0	
71	0.150	1	0	2	0	0	0	
71	0.150	0	1	0	2	0	0	
71	0.450	7	8	5	5	1	0	
71	0.900	0	0	0	0	0	0	
71	0.150	0	3	0	5	0	0	
71	0.075	2	0	5	0	0	0	
72	0.075	0	0	0	0	1	0	
72	0.600	0	0	0	0	0	0	
72	0.600	0	0	0	0	0	0	
72	0.600	0	0	0	0	0	0	
72	0.600	0	0	0	0	0	0	
72	0.600	0	0	0	0	0	0	
73	0.600	0	0	0	0	0	0	
end	100